((("alias" .
   [2 0 0 0 0])
  ("begin" .
   [1 0 0 0 0])
  ("body" .
   [1 0 0 0])
  ("inspect" .
   [3 0 0 0 0 0 0])
  ("curl" .
   [2 0 0 0])
  ("res" .
   [6 0 0])
  ("do" .
   [2 0])
  ("require" .
   [2 0 0 0 0 0 0])
  ("parse" .
   [1 0 0 0 0])
  ("uri" .
   [2 0 0])
  ("Net" .
   [2 0 0])
  ("escape" .
   [1 0 0 0 0 0])
  ("CGI" .
   [1 0 0])
  ("url" .
   [7 0 0])
  ("puts" .
   [6 0 0 0])
  ("create" .
   [1 0 0 0 0 0])
  ("index" .
   [1 0 0 0 0])
  ("job" .
   [1 0 0])
  ("def" .
   [0 0 1])
  ("access_token" .
   [0 0 0 0 0 0 1 0 0 0 0 0])
  ("get" .
   [3 0 0])
  ("country" .
   [1 0 0 0 0 0 0])
  ("locality" .
   [1 0 0 0 0 0 0 0])
  ("view" .
   [3 0 0 0])))
